   8.4999999664723880E-002   2.2584499171700330
   9.9999999329447753E-002   2.3169999153070151
  0.11499999806284905        2.3955499110504985
  0.12999999865889550        2.4040999115809798
  0.14499999552965165        2.4126499025374653
  0.15999999612569810        2.4311999030679466
  0.17499999672174454        2.5097499035984279
  0.18999999731779099        2.5982999041289092
  0.20499999046325684        2.6568498855113988
  0.21999999105930329        2.6253998860418801
  0.23499999165534974        2.6039498865723614
  0.24999999225139619        2.7924998871028427
  0.26499999284744263        2.7110498876333240
  0.27999999344348908        2.7895998881638053
  0.29499999403953553        2.8081498886942866
  0.30999999463558198        2.8266998892247679
  0.32499999523162842        2.9552498897552492
  0.33999998092651368        2.9337998519897473
  0.35499999642372132        2.9523498908162118
  0.36999998211860657        3.0108998530507099
